#Accelerometer
accelerometer_noise_density: 0.0018686898499333843 
accelerometer_random_walk: 0.0001892069642154204 

#Gyroscope
gyroscope_noise_density: 0.00039884791895847114 
gyroscope_random_walk: 4.72288380923776e-06 

rostopic: '/sensors/imu' #Make sure this is correct
update_rate: 400.0 #Make sure this is correct

